Scheme 3
1 0 1.0310144726643784
1 1 0.9402222540111979
1 2 0.8561005278767224
1 3 0.8097013778806614
1 4 0.8012697492207014
1 5 0.6558690462045121
1 6 0.36790008666151336
1 7 -2.1920833957846093
1 0.48741800350017017
2 0 0.9443165152483569
2 1 0.7759031207865315
2 2 0.6085707385113882
2 3 0.6037560360000701
2 4 0.8421352935307096
2 5 0.9341565746659682
2 6 0.925510728814242
2 7 0.663086998946406
2 0.9290990790556929
3 0 0.878250435970735
3 1 0.6622871759129711
3 2 0.45739394258083227
3 3 0.45161426267173965
3 4 0.7265006283769743
3 5 0.8607268271131406
3 6 0.9179326171386658
3 7 1.0339342484295988
3 0.8941900691022011
